{
  "nbformat": 4,
  "nbformat_minor": 0,
  "metadata": {
    "colab": {
      "provenance": [],
      "toc_visible": true,
      "authorship_tag": "ABX9TyPDjKXHVDKoao8NINvSHHwA",
      "include_colab_link": true
    },
    "kernelspec": {
      "name": "python3",
      "display_name": "Python 3"
    },
    "language_info": {
      "name": "python"
    },
    "gpuClass": "standard"
  },
  "cells": [
    {
      "cell_type": "markdown",
      "metadata": {
        "id": "view-in-github",
        "colab_type": "text"
      },
      "source": [
        "<a href=\"https://colab.research.google.com/github/SherZhou/HW_2/blob/main/Perceptron_vs_SVM.ipynb\" target=\"_parent\"><img src=\"https://colab.research.google.com/assets/colab-badge.svg\" alt=\"Open In Colab\"/></a>"
      ]
    },
    {
      "cell_type": "markdown",
      "source": [
        "## Q1 Reading Text Files"
      ],
      "metadata": {
        "id": "XJgNKgoLHZpz"
      }
    },
    {
      "cell_type": "code",
      "execution_count": null,
      "metadata": {
        "colab": {
          "base_uri": "https://localhost:8080/"
        },
        "id": "bfZplQfr_vPy",
        "outputId": "115574a3-0719-4019-e402-0b807d274198"
      },
      "outputs": [
        {
          "output_type": "stream",
          "name": "stdout",
          "text": [
            "Drive already mounted at /content/drive; to attempt to forcibly remount, call drive.mount(\"/content/drive\", force_remount=True).\n"
          ]
        }
      ],
      "source": [
        "from google.colab import drive\n",
        "drive.mount('/content/drive')\n",
        "import os\n",
        "os.chdir('/content/drive/MyDrive/prml')"
      ]
    },
    {
      "cell_type": "code",
      "source": [
        "%pwd"
      ],
      "metadata": {
        "colab": {
          "base_uri": "https://localhost:8080/",
          "height": 35
        },
        "id": "VJ2oBLhQBsDu",
        "outputId": "7ed050f7-4ede-4165-fabf-637b078bad25"
      },
      "execution_count": null,
      "outputs": [
        {
          "output_type": "execute_result",
          "data": {
            "text/plain": [
              "'/content/drive/MyDrive/prml'"
            ],
            "application/vnd.google.colaboratory.intrinsic+json": {
              "type": "string"
            }
          },
          "metadata": {},
          "execution_count": 89
        }
      ]
    },
    {
      "cell_type": "code",
      "source": [
        "import glob\n",
        "glob.glob('./data/*.txt')\n",
        "f=open('./data/01.txt','r')\n",
        "text1=f.read()\n",
        "f.close()"
      ],
      "metadata": {
        "id": "41wwWsVZA2o_"
      },
      "execution_count": null,
      "outputs": []
    },
    {
      "cell_type": "code",
      "source": [
        "f=open('./data/01.txt','r')\n",
        "text1=f.read()\n",
        "f.close()"
      ],
      "metadata": {
        "id": "FKn9-CM3A9va"
      },
      "execution_count": null,
      "outputs": []
    },
    {
      "cell_type": "code",
      "source": [
        "text1"
      ],
      "metadata": {
        "colab": {
          "base_uri": "https://localhost:8080/",
          "height": 122
        },
        "id": "DENB3U_TBYC6",
        "outputId": "4c3d90fb-d15c-45c5-d6f4-59b2ee07966e"
      },
      "execution_count": null,
      "outputs": [
        {
          "output_type": "execute_result",
          "data": {
            "text/plain": [
              "'Had for 1 year, 14,000 miles. Excellent fuel economy 27-30 on all highway. No mechanical problems. My wife would like an adjustable passenger seat, seating position too low. Fit and finish second to none. RL has plenty of power I use it often on steep hills. I like the styling much more than the 09 grille has a richer more elegant look than the 09. Handling is great in high speed situations, far superior to the TL. I like the exterior design, quite understated, however I do see the point of someone saying it looks too much like a Honda. I understand the 2011 will be a totally new car. Acura/Honda really does want to compete with the best from Lexus. After all is said and done would I buy it again... for sure.'"
            ],
            "application/vnd.google.colaboratory.intrinsic+json": {
              "type": "string"
            }
          },
          "metadata": {},
          "execution_count": 92
        }
      ]
    },
    {
      "cell_type": "code",
      "source": [],
      "metadata": {
        "id": "kPM8Ih0wFz6e"
      },
      "execution_count": null,
      "outputs": []
    },
    {
      "cell_type": "markdown",
      "source": [
        "\n",
        "\n",
        "```\n",
        "# 此内容为代码格式\n",
        "```\n",
        "\n",
        "## Q2:Feature Extraction using “Bag-of-word”"
      ],
      "metadata": {
        "id": "Puswo9MjF7RL"
      }
    },
    {
      "cell_type": "code",
      "source": [
        "f=open('./data/feature.txt','r')\n",
        "feature=f.read()\n",
        "f.close()\n",
        "features=feature.split()\n",
        "feature1=features[0]"
      ],
      "metadata": {
        "id": "qNUC6zNuF0yI"
      },
      "execution_count": null,
      "outputs": []
    },
    {
      "cell_type": "code",
      "source": [],
      "metadata": {
        "id": "ZB8Z2gYFeuDS"
      },
      "execution_count": null,
      "outputs": []
    },
    {
      "cell_type": "code",
      "source": [
        "feature1\n"
      ],
      "metadata": {
        "colab": {
          "base_uri": "https://localhost:8080/",
          "height": 35
        },
        "id": "ne4RAkYTGi2D",
        "outputId": "b2c107eb-3dbd-4172-c98c-638660c66009"
      },
      "execution_count": null,
      "outputs": [
        {
          "output_type": "execute_result",
          "data": {
            "text/plain": [
              "'car'"
            ],
            "application/vnd.google.colaboratory.intrinsic+json": {
              "type": "string"
            }
          },
          "metadata": {},
          "execution_count": 94
        }
      ]
    },
    {
      "cell_type": "code",
      "source": [
        "# feature1=features.split()"
      ],
      "metadata": {
        "id": "lSoVG-l-G7CT"
      },
      "execution_count": null,
      "outputs": []
    },
    {
      "cell_type": "code",
      "source": [
        "# feature1"
      ],
      "metadata": {
        "id": "1KOxJHX_cxyf"
      },
      "execution_count": null,
      "outputs": []
    },
    {
      "cell_type": "code",
      "source": [
        "occurrence=text1.count(feature1)"
      ],
      "metadata": {
        "id": "osL5FvbuHBfT"
      },
      "execution_count": null,
      "outputs": []
    },
    {
      "cell_type": "markdown",
      "source": [
        "## Question 3. Classifier Construction"
      ],
      "metadata": {
        "id": "lF2B3QIUHRdw"
      }
    },
    {
      "cell_type": "code",
      "source": [
        "import glob\n",
        "import numpy as np\n",
        "import matplotlib.pyplot as plt\n",
        "import matplotlib.colors\n",
        "from mpl_toolkits.mplot3d import Axes3D\n",
        "\n",
        "from numpy import linalg as LA\n",
        "from sklearn import svm"
      ],
      "metadata": {
        "id": "IY8gHkz4M7Ax"
      },
      "execution_count": null,
      "outputs": []
    },
    {
      "cell_type": "code",
      "source": [
        "fcf = glob.glob('./data/*.txt')\n",
        "fcf.sort()"
      ],
      "metadata": {
        "id": "q_P9CzGAlgus"
      },
      "execution_count": null,
      "outputs": []
    },
    {
      "cell_type": "code",
      "source": [
        "fcf"
      ],
      "metadata": {
        "colab": {
          "base_uri": "https://localhost:8080/"
        },
        "id": "JGUwU37Xl-eV",
        "outputId": "11172a66-6658-42c1-df3c-9ac5ef1485fe"
      },
      "execution_count": null,
      "outputs": [
        {
          "output_type": "execute_result",
          "data": {
            "text/plain": [
              "['./data/01.txt',\n",
              " './data/02.txt',\n",
              " './data/03.txt',\n",
              " './data/04.txt',\n",
              " './data/05.txt',\n",
              " './data/06.txt',\n",
              " './data/07.txt',\n",
              " './data/08.txt',\n",
              " './data/09.txt',\n",
              " './data/10.txt',\n",
              " './data/11.txt',\n",
              " './data/12.txt',\n",
              " './data/13.txt',\n",
              " './data/14.txt',\n",
              " './data/15.txt',\n",
              " './data/16.txt',\n",
              " './data/17.txt',\n",
              " './data/18.txt',\n",
              " './data/19.txt',\n",
              " './data/20.txt',\n",
              " './data/21.txt',\n",
              " './data/22.txt',\n",
              " './data/23.txt',\n",
              " './data/24.txt',\n",
              " './data/25.txt',\n",
              " './data/26.txt',\n",
              " './data/27.txt',\n",
              " './data/28.txt',\n",
              " './data/29.txt',\n",
              " './data/30.txt',\n",
              " './data/31.txt',\n",
              " './data/32.txt',\n",
              " './data/33.txt',\n",
              " './data/34.txt',\n",
              " './data/35.txt',\n",
              " './data/36.txt',\n",
              " './data/37.txt',\n",
              " './data/38.txt',\n",
              " './data/39.txt',\n",
              " './data/40.txt',\n",
              " './data/41.txt',\n",
              " './data/42.txt',\n",
              " './data/43.txt',\n",
              " './data/44.txt',\n",
              " './data/45.txt',\n",
              " './data/46.txt',\n",
              " './data/47.txt',\n",
              " './data/48.txt',\n",
              " './data/49.txt',\n",
              " './data/50.txt',\n",
              " './data/feature.txt']"
            ]
          },
          "metadata": {},
          "execution_count": 100
        }
      ]
    },
    {
      "cell_type": "code",
      "source": [
        "fcf = glob.glob('./data/*.txt') # list .txt files only\n",
        "fcf.sort()\n",
        "# file = open(fcf[0], 'r')\n",
        "# text1 = file.read() # string\n",
        "# file.close()\n",
        "\n",
        "file = open(fcf[50], 'r')\n",
        "features = file.read().split()\n",
        "for feature_index in range(len(features)):\n",
        "    features[feature_index]=features[feature_index]+' '\n",
        "\n",
        "# Training data\n",
        "Xtrain = np.zeros((1,np.shape(features)[0])) # empty list\n",
        "for text_index in range(40):\n",
        "    file_temp = open(fcf[text_index], 'r')\n",
        "    text_temp = file_temp.read()\n",
        "    occurence_temp = []\n",
        "    for feature_index in features:\n",
        "        occurence_temp.append(text_temp.count(feature_index)) \n",
        "    # print(\"length\",Xtrain.shape)   \n",
        "    Xtrain = np.concatenate((Xtrain, [occurence_temp]), axis = 0) # shape: 41-by-13\n",
        "\n",
        "print(\"final length\",Xtrain.shape)\n",
        "\n",
        "Xtrain = np.delete(Xtrain, (0), axis = 0) # remove the first empty row \n",
        "\n",
        "\n",
        "#XTX = np.dot(Xtrain.T, Xtrain)\n",
        "\n",
        "  # Subtracting from the mean and scaling \n",
        "meanX = np.mean(Xtrain,axis=0)\n",
        "CtrX = Xtrain-meanX\n",
        "S1 = np.dot(np.transpose(CtrX),CtrX)\n",
        "#相关系数？\n",
        "XTX = 1.0/(Xtrain.shape[0]-1)*S1\n",
        "\n"
      ],
      "metadata": {
        "id": "OK7kpjX3M8p4",
        "colab": {
          "base_uri": "https://localhost:8080/"
        },
        "outputId": "6b336838-d4cd-4508-c549-4fc092f5310f"
      },
      "execution_count": null,
      "outputs": [
        {
          "output_type": "stream",
          "name": "stdout",
          "text": [
            "final length (41, 13)\n"
          ]
        }
      ]
    },
    {
      "cell_type": "code",
      "source": [
        "CtrX.shape"
      ],
      "metadata": {
        "colab": {
          "base_uri": "https://localhost:8080/"
        },
        "id": "NcFRqrRphO8k",
        "outputId": "f710e574-a10f-45c0-dda8-93ddbc45a039"
      },
      "execution_count": null,
      "outputs": [
        {
          "output_type": "execute_result",
          "data": {
            "text/plain": [
              "(40, 13)"
            ]
          },
          "metadata": {},
          "execution_count": 102
        }
      ]
    },
    {
      "cell_type": "code",
      "source": [
        "Xtrain"
      ],
      "metadata": {
        "colab": {
          "base_uri": "https://localhost:8080/"
        },
        "id": "wfCbj6JeN7t7",
        "outputId": "8ee5f76d-49e1-4f80-ac26-acf62f214a29"
      },
      "execution_count": null,
      "outputs": [
        {
          "output_type": "execute_result",
          "data": {
            "text/plain": [
              "array([[0., 0., 1., 0., 0., 1., 0., 0., 0., 0., 0., 0., 0.],\n",
              "       [0., 0., 1., 2., 0., 1., 0., 1., 0., 0., 0., 0., 0.],\n",
              "       [4., 0., 0., 0., 0., 1., 0., 1., 0., 0., 0., 0., 0.],\n",
              "       [0., 0., 0., 0., 0., 0., 0., 0., 0., 0., 0., 0., 0.],\n",
              "       [2., 0., 0., 0., 0., 0., 0., 0., 0., 0., 0., 0., 0.],\n",
              "       [0., 0., 0., 0., 0., 0., 0., 1., 0., 0., 0., 0., 0.],\n",
              "       [0., 0., 0., 0., 1., 0., 0., 0., 0., 0., 0., 0., 0.],\n",
              "       [1., 0., 0., 0., 0., 1., 0., 0., 0., 0., 0., 0., 0.],\n",
              "       [3., 0., 0., 0., 0., 0., 0., 0., 0., 0., 0., 0., 0.],\n",
              "       [0., 0., 0., 0., 0., 0., 0., 0., 0., 0., 0., 0., 0.],\n",
              "       [3., 0., 0., 1., 0., 1., 0., 0., 0., 0., 0., 0., 0.],\n",
              "       [0., 0., 0., 0., 1., 1., 0., 0., 0., 0., 0., 0., 0.],\n",
              "       [2., 0., 0., 0., 0., 0., 0., 0., 0., 0., 0., 0., 0.],\n",
              "       [1., 0., 0., 0., 0., 0., 0., 0., 0., 0., 0., 0., 0.],\n",
              "       [1., 0., 0., 0., 0., 1., 0., 0., 0., 0., 0., 0., 0.],\n",
              "       [0., 0., 0., 0., 1., 0., 0., 0., 0., 0., 0., 0., 0.],\n",
              "       [2., 0., 0., 0., 0., 0., 1., 0., 0., 0., 0., 0., 0.],\n",
              "       [1., 0., 0., 0., 2., 0., 0., 0., 0., 0., 0., 0., 0.],\n",
              "       [2., 0., 0., 0., 1., 0., 0., 0., 0., 1., 0., 0., 0.],\n",
              "       [0., 0., 0., 1., 0., 0., 1., 1., 0., 0., 0., 0., 0.],\n",
              "       [0., 1., 0., 0., 1., 0., 0., 0., 2., 0., 1., 1., 1.],\n",
              "       [0., 0., 0., 0., 0., 0., 0., 0., 0., 0., 0., 0., 1.],\n",
              "       [0., 1., 0., 0., 0., 0., 0., 1., 1., 0., 1., 0., 1.],\n",
              "       [0., 3., 0., 0., 0., 0., 0., 0., 0., 0., 0., 0., 0.],\n",
              "       [0., 2., 0., 0., 0., 0., 0., 0., 0., 0., 0., 0., 0.],\n",
              "       [0., 1., 0., 0., 0., 0., 0., 0., 2., 0., 1., 0., 0.],\n",
              "       [0., 1., 0., 0., 0., 0., 0., 0., 3., 0., 0., 0., 0.],\n",
              "       [0., 0., 0., 0., 0., 0., 0., 0., 1., 0., 0., 0., 1.],\n",
              "       [0., 1., 0., 0., 0., 0., 0., 0., 1., 0., 1., 0., 0.],\n",
              "       [0., 2., 0., 0., 0., 0., 0., 0., 2., 0., 1., 0., 1.],\n",
              "       [0., 1., 0., 0., 0., 0., 0., 0., 0., 0., 0., 0., 0.],\n",
              "       [0., 2., 0., 0., 0., 0., 0., 0., 4., 0., 0., 0., 0.],\n",
              "       [0., 0., 0., 0., 0., 0., 0., 0., 2., 0., 1., 0., 1.],\n",
              "       [0., 2., 0., 0., 0., 0., 0., 0., 2., 0., 0., 0., 1.],\n",
              "       [0., 2., 0., 0., 0., 0., 0., 0., 4., 0., 1., 0., 1.],\n",
              "       [0., 2., 0., 0., 0., 0., 0., 0., 0., 1., 0., 0., 0.],\n",
              "       [0., 2., 0., 0., 0., 0., 0., 0., 3., 0., 0., 0., 1.],\n",
              "       [0., 1., 0., 0., 0., 0., 0., 0., 0., 0., 1., 0., 0.],\n",
              "       [0., 1., 0., 0., 0., 0., 0., 0., 1., 0., 0., 0., 1.],\n",
              "       [0., 1., 0., 0., 0., 0., 0., 0., 0., 0., 0., 0., 1.]])"
            ]
          },
          "metadata": {},
          "execution_count": 103
        }
      ]
    },
    {
      "cell_type": "code",
      "source": [
        "XTX"
      ],
      "metadata": {
        "colab": {
          "base_uri": "https://localhost:8080/"
        },
        "id": "ljfGl6v-Nj8K",
        "outputId": "0d4c4443-3536-4447-c0d0-9cc33b328165"
      },
      "execution_count": null,
      "outputs": [
        {
          "output_type": "execute_result",
          "data": {
            "text/plain": [
              "array([[ 1.07435897e+00, -3.66666667e-01, -2.82051282e-02,\n",
              "         2.05128205e-02,  3.84615385e-03,  1.32051282e-01,\n",
              "         2.30769231e-02,  3.20512821e-02, -3.94871795e-01,\n",
              "         2.30769231e-02, -1.12820513e-01, -1.41025641e-02,\n",
              "        -1.55128205e-01],\n",
              "       [-3.66666667e-01,  7.46153846e-01, -3.33333333e-02,\n",
              "        -6.66666667e-02, -9.10256410e-02, -1.16666667e-01,\n",
              "        -3.33333333e-02, -5.76923077e-02,  5.58974359e-01,\n",
              "         1.79487179e-02,  9.74358974e-02,  8.97435897e-03,\n",
              "         1.24358974e-01],\n",
              "       [-2.82051282e-02, -3.33333333e-02,  4.87179487e-02,\n",
              "         4.61538462e-02, -8.97435897e-03,  4.23076923e-02,\n",
              "        -2.56410256e-03,  1.92307692e-02, -3.58974359e-02,\n",
              "        -2.56410256e-03, -1.02564103e-02, -1.28205128e-03,\n",
              "        -1.41025641e-02],\n",
              "       [ 2.05128205e-02, -6.66666667e-02,  4.61538462e-02,\n",
              "         1.43589744e-01, -1.79487179e-02,  5.89743590e-02,\n",
              "         2.05128205e-02,  6.41025641e-02, -7.17948718e-02,\n",
              "        -5.12820513e-03, -2.05128205e-02, -2.56410256e-03,\n",
              "        -2.82051282e-02],\n",
              "       [ 3.84615385e-03, -9.10256410e-02, -8.97435897e-03,\n",
              "        -1.79487179e-02,  1.99358974e-01, -5.76923077e-03,\n",
              "        -8.97435897e-03, -2.24358974e-02, -7.43589744e-02,\n",
              "         1.66666667e-02, -1.02564103e-02,  2.11538462e-02,\n",
              "        -2.37179487e-02],\n",
              "       [ 1.32051282e-01, -1.16666667e-01,  4.23076923e-02,\n",
              "         5.89743590e-02, -5.76923077e-03,  1.48076923e-01,\n",
              "        -8.97435897e-03,  2.88461538e-02, -1.25641026e-01,\n",
              "        -8.97435897e-03, -3.58974359e-02, -4.48717949e-03,\n",
              "        -4.93589744e-02],\n",
              "       [ 2.30769231e-02, -3.33333333e-02, -2.56410256e-03,\n",
              "         2.05128205e-02, -8.97435897e-03, -8.97435897e-03,\n",
              "         4.87179487e-02,  1.92307692e-02, -3.58974359e-02,\n",
              "        -2.56410256e-03, -1.02564103e-02, -1.28205128e-03,\n",
              "        -1.41025641e-02],\n",
              "       [ 3.20512821e-02, -5.76923077e-02,  1.92307692e-02,\n",
              "         6.41025641e-02, -2.24358974e-02,  2.88461538e-02,\n",
              "         1.92307692e-02,  1.12179487e-01, -6.41025641e-02,\n",
              "        -6.41025641e-03,  9.25185854e-18, -3.20512821e-03,\n",
              "        -9.61538462e-03],\n",
              "       [-3.94871795e-01,  5.58974359e-01, -3.58974359e-02,\n",
              "        -7.17948718e-02, -7.43589744e-02, -1.25641026e-01,\n",
              "        -3.58974359e-02, -6.41025641e-02,  1.39487179e+00,\n",
              "        -3.58974359e-02,  2.15384615e-01,  3.33333333e-02,\n",
              "         2.64102564e-01],\n",
              "       [ 2.30769231e-02,  1.79487179e-02, -2.56410256e-03,\n",
              "        -5.12820513e-03,  1.66666667e-02, -8.97435897e-03,\n",
              "        -2.56410256e-03, -6.41025641e-03, -3.58974359e-02,\n",
              "         4.87179487e-02, -1.02564103e-02, -1.28205128e-03,\n",
              "        -1.41025641e-02],\n",
              "       [-1.12820513e-01,  9.74358974e-02, -1.02564103e-02,\n",
              "        -2.05128205e-02, -1.02564103e-02, -3.58974359e-02,\n",
              "        -1.02564103e-02,  9.25185854e-18,  2.15384615e-01,\n",
              "        -1.02564103e-02,  1.64102564e-01,  2.05128205e-02,\n",
              "         7.17948718e-02],\n",
              "       [-1.41025641e-02,  8.97435897e-03, -1.28205128e-03,\n",
              "        -2.56410256e-03,  2.11538462e-02, -4.48717949e-03,\n",
              "        -1.28205128e-03, -3.20512821e-03,  3.33333333e-02,\n",
              "        -1.28205128e-03,  2.05128205e-02,  2.50000000e-02,\n",
              "         1.85897436e-02],\n",
              "       [-1.55128205e-01,  1.24358974e-01, -1.41025641e-02,\n",
              "        -2.82051282e-02, -2.37179487e-02, -4.93589744e-02,\n",
              "        -1.41025641e-02, -9.61538462e-03,  2.64102564e-01,\n",
              "        -1.41025641e-02,  7.17948718e-02,  1.85897436e-02,\n",
              "         2.04487179e-01]])"
            ]
          },
          "metadata": {},
          "execution_count": 104
        }
      ]
    },
    {
      "cell_type": "code",
      "source": [
        "w,v=LA.eig(XTX) \n",
        "v[:,0:2]"
      ],
      "metadata": {
        "colab": {
          "base_uri": "https://localhost:8080/"
        },
        "id": "AeT3vfKMk2H1",
        "outputId": "f76dd519-c5ff-4e40-ba54-33b1dcb7ad7b"
      },
      "execution_count": null,
      "outputs": [
        {
          "output_type": "execute_result",
          "data": {
            "text/plain": [
              "array([[-0.47018069, -0.8387557 ],\n",
              "       [ 0.44887115, -0.01135339],\n",
              "       [-0.01838545,  0.05570077],\n",
              "       [-0.05398201,  0.03320991],\n",
              "       [-0.05018266,  0.06008363],\n",
              "       [-0.11089185, -0.05331425],\n",
              "       [-0.02650152,  0.00204097],\n",
              "       [-0.04643249,  0.01206909],\n",
              "       [ 0.71252049, -0.53255913],\n",
              "       [-0.01492482,  0.00177663],\n",
              "       [ 0.13552435, -0.03537115],\n",
              "       [ 0.01891096, -0.00744816],\n",
              "       [ 0.17287697, -0.02496491]])"
            ]
          },
          "metadata": {},
          "execution_count": 105
        }
      ]
    },
    {
      "cell_type": "code",
      "source": [
        "w"
      ],
      "metadata": {
        "id": "8EOKvVHDGaEa",
        "colab": {
          "base_uri": "https://localhost:8080/"
        },
        "outputId": "23c33c89-a5cb-4422-bc05-8ebf8e903376"
      },
      "execution_count": null,
      "outputs": [
        {
          "output_type": "execute_result",
          "data": {
            "text/plain": [
              "array([2.15093327, 0.8177886 , 0.4215088 , 0.26128558, 0.17837637,\n",
              "       0.14128865, 0.01744352, 0.02162422, 0.03288114, 0.05632679,\n",
              "       0.04301087, 0.10464653, 0.111219  ])"
            ]
          },
          "metadata": {},
          "execution_count": 106
        }
      ]
    },
    {
      "cell_type": "code",
      "source": [
        "\"\"\"Section 1: Fill in your answers here\"\"\"\n",
        "\n",
        "# compute eigenvalues and eigenvectors\n",
        "w,v=LA.eig(XTX)\n",
        "\n",
        "# Due to the descending order of eigenvalues in w, here we choose the first two columns of v.\n",
        "# principal comonents; shape: 13-by-2\n",
        "# PC scores; shape: 40-by-2\n",
        "PC=v[:,0:2]\n",
        "t=np.dot(CtrX,PC) \n",
        "t0=t[0:20][:]\n",
        "t1=t[20:40][:]\n",
        "X1 =t0  ## Assign the PC scores for class 1 here\n",
        "X2 =t1 ## Assign the PC scores for class 2 here\n",
        "\"\"\" End of answer Section 1\"\"\"\n"
      ],
      "metadata": {
        "colab": {
          "base_uri": "https://localhost:8080/",
          "height": 35
        },
        "id": "QluIgiKINQ0u",
        "outputId": "59554544-c5ef-4cfb-cb6f-aa2822cb4a46"
      },
      "execution_count": null,
      "outputs": [
        {
          "output_type": "execute_result",
          "data": {
            "text/plain": [
              "' End of answer Section 1'"
            ],
            "application/vnd.google.colaboratory.intrinsic+json": {
              "type": "string"
            }
          },
          "metadata": {},
          "execution_count": 107
        }
      ]
    },
    {
      "cell_type": "code",
      "source": [
        "t"
      ],
      "metadata": {
        "colab": {
          "base_uri": "https://localhost:8080/"
        },
        "id": "5nWWuwpo8qZM",
        "outputId": "c67d3f16-9a08-46e0-97b6-d0a7cebf332a"
      },
      "execution_count": null,
      "outputs": [
        {
          "output_type": "execute_result",
          "data": {
            "text/plain": [
              "array([[-0.69394644,  0.84900884],\n",
              "       [-0.84834294,  0.92749775],\n",
              "       [-2.60271622, -2.54964562],\n",
              "       [-0.56466914,  0.84662232],\n",
              "       [-1.50503051, -0.83088907],\n",
              "       [-0.61110163,  0.85869142],\n",
              "       [-0.6148518 ,  0.90670596],\n",
              "       [-1.14574167, -0.04544762],\n",
              "       [-1.97521119, -1.66964477],\n",
              "       [-0.56466914,  0.84662232],\n",
              "       [-2.14008505, -1.68974911],\n",
              "       [-0.72574365,  0.85339171],\n",
              "       [-1.50503051, -0.83088907],\n",
              "       [-1.03484982,  0.00786663],\n",
              "       [-1.14574167, -0.04544762],\n",
              "       [-0.6148518 ,  0.90670596],\n",
              "       [-1.53153203, -0.8288481 ],\n",
              "       [-1.13521515,  0.12803389],\n",
              "       [-1.57013799, -0.76902881],\n",
              "       [-0.69158516,  0.89394229],\n",
              "       [ 1.58637262, -0.23754992],\n",
              "       [-0.39179216,  0.82165742],\n",
              "       [ 0.85869134,  0.25444284],\n",
              "       [ 0.78194433,  0.81256217],\n",
              "       [ 0.33307317,  0.82391555],\n",
              "       [ 1.44476735, -0.26522048],\n",
              "       [ 2.02176349, -0.76240846],\n",
              "       [ 0.32072833,  0.28909828],\n",
              "       [ 0.73224686,  0.26733865],\n",
              "       [ 2.06651547, -0.30153878],\n",
              "       [-0.11579798,  0.83526894],\n",
              "       [ 3.18315513, -1.30632098],\n",
              "       [ 1.16877317, -0.27883201],\n",
              "       [ 1.93099112, -0.26616762],\n",
              "       [ 3.49155645, -1.36665704],\n",
              "       [ 0.31814835,  0.82569218],\n",
              "       [ 2.64351161, -0.79872675],\n",
              "       [ 0.01972637,  0.79989778],\n",
              "       [ 0.76959948,  0.2777449 ],\n",
              "       [ 0.05707899,  0.81030403]])"
            ]
          },
          "metadata": {},
          "execution_count": 108
        }
      ]
    },
    {
      "cell_type": "code",
      "source": [
        "PC"
      ],
      "metadata": {
        "colab": {
          "base_uri": "https://localhost:8080/"
        },
        "id": "VBAydnj5GjOD",
        "outputId": "7ef5d47c-c916-4326-9365-5da4e6c6c3db"
      },
      "execution_count": null,
      "outputs": [
        {
          "output_type": "execute_result",
          "data": {
            "text/plain": [
              "array([[-0.47018069, -0.8387557 ],\n",
              "       [ 0.44887115, -0.01135339],\n",
              "       [-0.01838545,  0.05570077],\n",
              "       [-0.05398201,  0.03320991],\n",
              "       [-0.05018266,  0.06008363],\n",
              "       [-0.11089185, -0.05331425],\n",
              "       [-0.02650152,  0.00204097],\n",
              "       [-0.04643249,  0.01206909],\n",
              "       [ 0.71252049, -0.53255913],\n",
              "       [-0.01492482,  0.00177663],\n",
              "       [ 0.13552435, -0.03537115],\n",
              "       [ 0.01891096, -0.00744816],\n",
              "       [ 0.17287697, -0.02496491]])"
            ]
          },
          "metadata": {},
          "execution_count": 109
        }
      ]
    },
    {
      "cell_type": "code",
      "source": [
        "t1"
      ],
      "metadata": {
        "colab": {
          "base_uri": "https://localhost:8080/"
        },
        "id": "L5-pTrJ3NXqE",
        "outputId": "96660660-a711-41f8-fa52-af4e7ab9b311"
      },
      "execution_count": null,
      "outputs": [
        {
          "output_type": "execute_result",
          "data": {
            "text/plain": [
              "array([[ 1.58637262, -0.23754992],\n",
              "       [-0.39179216,  0.82165742],\n",
              "       [ 0.85869134,  0.25444284],\n",
              "       [ 0.78194433,  0.81256217],\n",
              "       [ 0.33307317,  0.82391555],\n",
              "       [ 1.44476735, -0.26522048],\n",
              "       [ 2.02176349, -0.76240846],\n",
              "       [ 0.32072833,  0.28909828],\n",
              "       [ 0.73224686,  0.26733865],\n",
              "       [ 2.06651547, -0.30153878],\n",
              "       [-0.11579798,  0.83526894],\n",
              "       [ 3.18315513, -1.30632098],\n",
              "       [ 1.16877317, -0.27883201],\n",
              "       [ 1.93099112, -0.26616762],\n",
              "       [ 3.49155645, -1.36665704],\n",
              "       [ 0.31814835,  0.82569218],\n",
              "       [ 2.64351161, -0.79872675],\n",
              "       [ 0.01972637,  0.79989778],\n",
              "       [ 0.76959948,  0.2777449 ],\n",
              "       [ 0.05707899,  0.81030403]])"
            ]
          },
          "metadata": {},
          "execution_count": 110
        }
      ]
    },
    {
      "cell_type": "code",
      "source": [
        "fig, ax1  = plt.subplots(1,1, sharey = True)\n",
        "for i in range(0,20): \n",
        "    \"\"\" Section 3: Fill in your answers, replace t with the PC scores for class 0 and class 1 respectively\"\"\"\n",
        "    \n",
        "    class_0 = ax1.scatter(t[i][0], t[i][1], c = 'r', marker = \"o\") # the 20 elements for class 0\n",
        "    class_1 = ax1.scatter(t[i][0], t[i][1], c = 'b', marker = \"x\") # the  20 elements for class 1\n",
        "    \n",
        "ax1.set_title('PC scatterplot ') \n",
        "ax1.set_xlabel('PC 2')\n",
        "ax1.set_ylabel('PC 1')\n",
        "# class 0: cars  class 1: hotels\n",
        "ax1.legend((class_0, class_1), ('Cars', 'Hotels'), scatterpoints=1, loc='lower left', ncol=1, fontsize=10)\n",
        "\n",
        "# fig.savefig('03a_PC scatterplot.png', dpi = 200)   # save the figure to file\n",
        "# plt.close(fig) "
      ],
      "metadata": {
        "colab": {
          "base_uri": "https://localhost:8080/",
          "height": 489
        },
        "id": "aJdKmzedGsXR",
        "outputId": "5eaca7ac-a0e7-42bb-d328-121cad66dd02"
      },
      "execution_count": null,
      "outputs": [
        {
          "output_type": "execute_result",
          "data": {
            "text/plain": [
              "<matplotlib.legend.Legend at 0x7f529b3e8d30>"
            ]
          },
          "metadata": {},
          "execution_count": 111
        },
        {
          "output_type": "display_data",
          "data": {
            "text/plain": [
              "<Figure size 640x480 with 1 Axes>"
            ],
